NAMES	SKF1	SKF2	SKF3	Col 4h 1	Col 4h 2	Col 4h 3	Col 6h 1	Col 6h 2	Col 6h 3	Col 8h 1	Col 8h 2	Col 8h 3
ABCA1	0.423382794	-0.260446961	0.423382794	-0.753525383	-0.753525383	0.322478815	0.542338425	-0.484299882	0.542338425	0.63988892	0.784599619	0.784599619
ABCA2	-0.36475208	-1.050419095	-0.36475208	0.388211147	0.388211147	0.867931821	0.132493973	-1.150735518	0.132493973	-0.40566701	0.946779159	0.946779159
ABCA3	0.166611484	0.525845525	0.166611484	1.115406309	1.115406309	0.871456595	1.331721941	0.19072135	1.331721941	-0.072736368	-0.504087604	-0.504087604
ABCA4	-0.137054122	0.369349381	-0.137054122	-0.277740738	-0.277740738	0.962501982	-0.344183047	0.31937619	-0.344183047	-0.161267826	1.22405019	1.22405019
ABCA6	-0.470662792	0.744652234	-0.470662792	0.026627128	0.026627128	-0.200807851	-0.387827649	-0.424819728	-0.387827649	-0.153563038	0.895220145	0.895220145
ABCA7	0.031827533	1.071353965	0.031827533	0.624251303	0.624251303	0.595587146	0.930767396	-0.019250374	0.930767396	0.288414535	0.691973871	0.691973871
ABCA8	-0.263584505	0.303876935	-0.263584505	0.784371618	0.784371618	0.297803705	0.556625919	0.335694053	0.556625919	0.326032611	-0.377476194	-0.377476194
ABCB1	-0.156052666	0.053910494	-0.156052666	-0.080489909	-0.080489909	-0.105140141	-0.78934369	-0.291836405	-0.78934369	-0.151355723	0.595944701	0.595944701
ABCB4	0.271952787	-0.077449367	0.271952787	0.222351114	0.222351114	0.12458103	0.258908606	-0.291640172	0.258908606	0.124426205	0.17291942	0.17291942
ABCC1	0.576660671	0.20398428	0.576660671	0.952416059	0.952416059	0.604600514	0.820573971	0.568029186	0.820573971	1.101577814	0.115943182	0.115943182
ABCD1	-0.010245746	0.257263001	-0.010245746	0.212383503	0.212383503	-0.438336332	0.915372698	-0.193809455	0.915372698	0.728705574	-0.138823697	-0.138823697
ABCD2	-0.450418426	-0.118410391	-0.450418426	0.187466753	0.187466753	0.425489739	-0.604822432	0.236268375	-0.604822432	-0.147504558	0.013862487	0.013862487
ABCD3	0.160621651	-0.695337244	0.160621651	0.480159393	0.480159393	0.086724837	0.138064059	-0.231555557	0.138064059	0.231331434	-0.372440243	-0.372440243
ABCG1	-0.284015355	-0.957690944	-0.284015355	-0.388763345	-0.388763345	-0.114810168	-0.082660159	-0.717171317	-0.082660159	-0.14901866	0.453677614	0.453677614
ABCG4	-0.332125942	-0.704827909	-0.332125942	0.156829585	0.156829585	0.317267547	-0.187881471	-0.195408912	-0.187881471	-0.493223381	0.622667631	0.622667631
ABCG5	-0.428576799	0.061751372	-0.428576799	0.404979516	0.404979516	-0.36458846	0.767140843	-0.623670118	0.767140843	-0.2248485	1.207406976	1.207406976
ABCG8	-0.131601432	-1.225979802	-0.131601432	0.061015102	0.061015102	-0.126478823	-0.204709215	-1.280940748	-0.204709215	0.37448895	0.368092713	0.368092713
ACAA1	-0.54581839	-0.630402251	-0.54581839	-0.14067039	-0.14067039	0.903630847	-0.09716048	-0.176652758	-0.09716048	-0.191191631	-0.454685519	-0.454685519
ACAA2	-0.026982711	-0.297740604	-0.026982711	-0.120331301	-0.120331301	-0.257350604	-0.12527366	0.157455918	-0.12527366	0.733386443	0.53340476	0.53340476
ACACA	0.889499951	-0.416473139	0.889499951	0.258203008	0.258203008	-0.079317598	0.646499222	-0.548273302	0.646499222	0.072609292	-0.795617488	-0.795617488
ACACB	-0.338258922	-0.091815546	-0.338258922	0.569431119	0.569431119	-0.074118479	0.204835369	-0.329401201	0.204835369	-0.817074667	1.037635598	1.037635598
ACADL	-0.754386565	-0.575215871	-0.754386565	-0.275486063	-0.275486063	0.050758058	-0.35799942	-0.867362891	-0.35799942	-1.092874233	-0.248116583	-0.248116583
ACADM	0.611772532	-0.382627744	0.611772532	-0.968151269	-0.968151269	0.328506705	0.119165455	0.265694792	0.119165455	0.507048793	-0.118426651	-0.118426651
ACADS	-0.567012399	0.276178514	-0.567012399	-0.758396799	-0.758396799	-0.216266295	-0.165774467	-0.73742633	-0.165774467	-0.999611894	-0.064570494	-0.064570494
ACAS2	0.843598334	0.720968475	0.843598334	0.471037001	0.471037001	0.450508872	0.270936032	0.237422009	0.270936032	0.42324903	0.413294727	0.413294727
ACAT1	-0.013209242	-1.51780771	-0.013209242	-1.655280013	-1.655280013	-0.634995145	-0.903475139	0.301345262	-0.903475139	0.112778317	-0.757670165	-0.757670165
ACAT2	1.266387126	-0.27502991	1.266387126	0.11936439	0.11936439	0.291398199	-0.891244316	0.913377712	-0.891244316	0.05276644	-1.830456406	-1.830456406
ACOX1	0.299762151	-0.061979534	0.299762151	0.029790258	0.029790258	-0.055794749	-0.055597731	-0.818104571	-0.055597731	-0.924940976	0.125666123	0.125666123
ACOX2	0.179609357	0.544267331	0.179609357	-0.522502559	-0.522502559	-0.474227449	-0.472658558	-0.996185892	-0.472658558	-1.102965738	-0.328789724	-0.328789724
ACOX3	0.049980029	-0.589666247	0.049980029	0.045523016	0.045523016	-0.863634685	-0.019665366	0.259221977	-0.019665366	0.393185176	-0.293014931	-0.293014931
ACTB	0.495702583	0.127653691	0.495702583	1.933872424	1.933872424	-0.344354036	0.395247187	1.292619243	0.395247187	1.252142691	0.477883266	0.477883266
ADD3	-0.170250336	-0.299944368	-0.170250336	-0.110027819	-0.110027819	-0.304145899	-0.6165728	-0.99997258	-0.6165728	-1.46412319	0.06054162	0.06054162
ANGPTL4	0.553080504	-0.121784472	0.553080504	-0.142336008	-0.142336008	0.291236059	0.664168809	0.32001723	0.664168809	0.840266154	0.260709494	0.260709494
APM1	-0.236406012	0.455784272	-0.236406012	-0.477232349	-0.477232349	-0.483054715	-0.275196021	-0.294796452	-0.275196021	-0.797839786	-0.60025371	-0.60025371
APOA1	0.461484004	0.020772135	0.461484004	-0.181535838	-0.181535838	0.770986571	1.021320942	0.586770952	1.021320942	-0.077889922	0.446159847	0.446159847
APOA2	-0.078837614	0.48936447	-0.078837614	0.704438764	0.704438764	0.893324883	0.720261848	0.120667566	0.720261848	0.351098969	0.436342982	0.436342982
APOA4	-0.19798462	-0.093069895	-0.19798462	-0.598644804	-0.598644804	-0.300902213	-0.413908022	-0.88601221	-0.413908022	-0.908372923	-0.270629856	-0.270629856
APOA5	0.172922325	-0.122059153	0.172922325	-0.332872619	-0.332872619	0.308974836	-0.090843724	-1.028399848	-0.090843724	-1.039952816	-0.188078884	-0.188078884
APOB	0.240094342	0.022740578	0.240094342	1.021679695	1.021679695	-0.524866116	0.194769625	-0.502289782	0.194769625	0.379328974	-0.014187941	-0.014187941
APOC1	0.510833618	0.658091145	0.510833618	1.26242807	1.26242807	-0.031092839	0.243409181	0.257665946	0.243409181	0.415584098	0.463889466	0.463889466
APOC2	0.102788592	0.43667908	0.102788592	0.731552816	0.731552816	-0.06432079	0.960750009	0.016729598	0.960750009	-0.098824052	0.968525293	0.968525293
APOC3	-0.011891529	0.068216482	-0.011891529	0.488660427	0.488660427	1.464473676	0.163860241	-0.192660238	0.163860241	-0.105362684	0.944578266	0.944578266
APOD	-0.541653996	-0.120957444	-0.541653996	-0.111895008	-0.111895008	-1.02769677	-0.457331334	0.015566795	-0.457331334	-0.130194218	0.6212676	0.6212676
APOE	-1.87798472	-0.177497907	-1.87798472	-0.400443621	-0.400443621	-0.441243845	0.175204216	-0.800486576	0.175204216	-0.119443181	-0.68545598	-0.68545598
AR	-0.238116905	-0.333914263	-0.238116905	0.621410208	0.621410208	-0.581406368	0.613187222	0.338918714	0.613187222	0.340547982	0.677372903	0.677372903
ARH	-0.705704044	0.49289947	-0.705704044	-0.344691021	-0.344691021	-1.333291921	-0.358423681	-0.487747784	-0.358423681	-0.274168739	-0.036403842	-0.036403842
ARHB	-0.199482756	-0.275920417	-0.199482756	-0.427787144	-0.427787144	-0.051322729	-0.501773794	-0.388258535	-0.501773794	-0.277886607	-0.132743686	-0.132743686
ATF6	0.047658321	0.615143561	0.047658321	0.528472888	0.528472888	0.260142693	-0.064636174	-0.656446008	-0.064636174	-0.563949939	0.332302263	0.332302263
ATM	0.604957922	0.417334277	0.604957922	0.502555159	0.502555159	0.726875949	0.570435432	0.308703176	0.570435432	0.50655191	-0.155364968	-0.155364968
ATR	-0.243836465	-0.471887082	-0.243836465	-0.604584893	-0.604584893	0.439734213	-0.163022561	-0.519719478	-0.163022561	-0.507471228	0.808393545	0.808393545
BAD	0.396324799	-0.107713886	0.396324799	0.174661432	0.174661432	-0.581323591	-0.279099998	-0.642879407	-0.279099998	-0.698464048	0.250039218	0.250039218
CASP2	0.343103763	0.266628783	0.343103763	0.619012011	0.619012011	0.187314886	0.266977459	0.496854417	0.266977459	0.368974746	1.587270801	1.587270801
CASP3	0.047154495	-0.294491516	0.047154495	-0.207450146	-0.207450146	0.571403851	0.361155308	0.074395361	0.361155308	0.809885577	-0.494470682	-0.494470682
CASP8	-0.898204881	0.457113751	-0.898204881	0.138521315	0.138521315	-0.420041866	-0.492871883	-0.485177107	-0.492871883	-0.067640797	0.336653595	0.336653595
CASP9	0.570164644	0.404143592	0.570164644	0.031223775	0.031223775	-0.373066719	-0.223244314	-0.289558148	-0.223244314	-0.068385941	-0.035906878	-0.035906878
CAV1	-0.235573006	-0.355328146	-0.235573006	0.514058036	0.514058036	-0.614579611	0.221860982	0.27012899	0.221860982	0.381892669	0.024081314	0.024081314
CAV2	-0.193079204	0.453640587	-0.193079204	0.43716507	0.43716507	-0.379376212	-0.027651282	0.066943258	-0.027651282	0.55992259	0.18523166	0.18523166
CAV3	-1.723520505	0.010116895	-1.723520505	0.741586004	0.741586004	0.123355636	-0.563788236	-0.590656541	-0.563788236	-0.34026654	0.788483288	0.788483288
CB1	-0.123199072	-0.337094441	-0.123199072	-0.024757219	-0.024757219	0.007998833	0.228711063	-0.516292005	0.228711063	-0.219850726	-0.085116267	-0.085116267
CCNA1	0.382578968	0.319968331	0.382578968	0.188037546	0.188037546	-0.030595725	-0.095312939	-0.659048141	-0.095312939	-0.966885445	-0.084273334	-0.084273334
CCNA2	0.375632924	-1.314712685	0.375632924	-0.805491016	-0.805491016	0.07479971	-0.662885059	0.597729075	-0.662885059	0.412430552	-0.564976971	-0.564976971
CCNB1	-0.125935983	0.094777732	-0.125935983	-0.147559431	-0.147559431	0.04318605	-0.05545381	-0.773998509	-0.05545381	-1.021197971	0.545751401	0.545751401
CCND1	0.07167148	-0.683510247	0.07167148	-0.266844344	-0.266844344	0.258744601	-0.136569337	0.07283825	-0.136569337	-0.112122903	0.389448887	0.389448887
CCND2	0.088641211	-0.922074054	0.088641211	0.695697416	0.695697416	-0.19001392	0.199460423	1.104746015	0.199460423	1.128393998	-0.391785701	-0.391785701
CCND3	0.542269378	-0.298883233	0.542269378	0.531608887	0.531608887	0.255232516	0.367282491	0.959765996	0.367282491	0.625564085	0.183541401	0.183541401
CCNE1	0.135945575	0.310146664	0.135945575	-0.483124902	-0.483124902	-0.965991063	-0.120173305	0.096165194	-0.120173305	-0.522848958	1.153871069	1.153871069
CCNE2	1.197512608	-0.257672547	1.197512608	-0.018442523	-0.018442523	-0.130055911	0.967383304	-0.366163012	0.967383304	0.392153572	0.058859895	0.058859895
CCNG1	0.065467847	-0.146985489	0.065467847	-1.651324702	-1.651324702	-0.190393042	-0.377063831	0.145867072	-0.377063831	0.005219991	-0.430042367	-0.430042367
CCNH	0.591007271	-0.564663658	0.591007271	-0.067618649	-0.067618649	-0.060454123	0.164149185	0.497833835	0.164149185	0.426607095	-0.361579606	-0.361579606
CD14	-0.361424184	0.375480983	-0.361424184	-0.575905021	-0.575905021	-0.087086282	-0.342517905	-1.066109234	-0.342517905	-1.21284919	-0.085950538	-0.085950538
CD36	0.599808324	0.92251724	0.599808324	0.406095812	0.406095812	1.017275883	-0.050755527	-0.248019632	-0.050755527	-0.255232211	-0.116161433	-0.116161433
CDC2	0.046486863	-1.249849959	0.046486863	-1.329291096	-1.329291096	-0.311702996	-0.491835449	0.694081937	-0.491835449	0.639446116	-0.920559509	-0.920559509
CDC20	-0.043976916	-1.573975716	-0.043976916	0.353129518	0.353129518	-1.35447514	-0.439822289	0.623226563	-0.439822289	0.416822238	-0.599920162	-0.599920162
CDC25A	-0.293693827	-0.238971975	-0.293693827	0.071638196	0.071638196	0.042905375	0.06662001	-0.259698431	0.06662001	0.065391005	-0.199991468	-0.199991468
CDC25B	0.254921504	0.205882781	0.254921504	-0.006249611	-0.006249611	-0.518094793	0.376275215	0.196964745	0.376275215	0.175170792	-0.072999336	-0.072999336
CDC25C	-0.084834696	-0.109006782	-0.084834696	-0.087770524	-0.087770524	-0.226568156	-0.339037892	-0.414888061	-0.339037892	-0.087414908	0.391869847	0.391869847
CDC34	-0.861790948	-0.199311524	-0.861790948	-0.116360736	-0.116360736	0.257789844	-0.368790471	-0.646948253	-0.368790471	-0.286587169	1.020769886	1.020769886
CDC37	0.130014987	-0.525603329	0.130014987	0.170250158	0.170250158	-0.282843768	0.312597819	0.449128593	0.312597819	0.428252268	0.124289775	0.124289775
CDC45L	-0.191257597	-0.991066077	-0.191257597	-0.387341838	-0.387341838	-0.815962946	-0.236954575	0.388100182	-0.236954575	0.193694545	-0.346439245	-0.346439245
CDC6	0.231899996	-1.021607921	0.231899996	-0.179617212	-0.179617212	-0.343663183	-0.350432297	0.287762271	-0.350432297	1.013449042	-0.502011095	-0.502011095
CDH1	0.84713167	0.131109865	0.84713167	0.388728901	0.388728901	0.449530404	0.764619979	0.872099812	0.764619979	0.817276853	0.609866904	0.609866904
CDK10	0.320401406	-0.051576083	0.320401406	0.029355192	0.029355192	-0.478262964	0.336652669	-0.419443543	0.336652669	-0.536155085	-0.199752334	-0.199752334
CDK2	0.427502535	-1.248596213	0.427502535	-1.382255803	-1.382255803	0.04951249	-0.639880846	0.53806532	-0.639880846	0.238303966	-0.677122138	-0.677122138
CDK2AP1	1.436850848	-0.638303077	1.436850848	0.39909835	0.39909835	0.105408928	0.096651127	0.687575826	0.096651127	0.724747843	-0.132997711	-0.132997711
CDK3	-0.254854634	-0.140600212	-0.254854634	0.474672577	0.474672577	0.004120482	0.380529895	0.347466481	0.380529895	0.304604172	0.83837646	0.83837646
CDK4	-0.099842757	-0.873440975	-0.099842757	0.253220838	0.253220838	-1.239155445	-0.161016081	0.376746593	-0.161016081	0.347882625	-0.135668493	-0.135668493
CDK5	0.747639068	0.392673598	0.747639068	0.240122516	0.240122516	-0.03545457	-0.111950946	-0.697531113	-0.111950946	0.198431531	0.353134735	0.353134735
CDK5R1	-0.466830211	-0.316237803	-0.466830211	-0.100639118	-0.100639118	-0.787927358	0.50467356	0.069267468	0.50467356	-0.033934029	0.083704061	0.083704061
CDK5R2	-0.439538396	0.498464004	-0.439538396	-0.298034973	-0.298034973	0.198264254	0.105743569	-0.302580175	0.105743569	-0.470956503	0.075694143	0.075694143
CDK6	-0.839415486	-0.661118009	-0.839415486	0.00391689	0.00391689	-0.508053428	-0.639965642	-0.106604963	-0.639965642	-0.887152358	0.036964103	0.036964103
CDK7	0.35106941	0.69307281	0.35106941	0.629731914	0.629731914	0.802255977	1.065049814	0.4361994	1.065049814	0.780989563	0.975675097	0.975675097
CDK9	0.489876406	0.274141369	0.489876406	0.916866126	0.916866126	0.097537284	0.671931643	0.534890606	0.671931643	0.600712618	0.244056264	0.244056264
CDKN1A	0.608059788	2.879121077	0.608059788	1.954703384	1.954703384	2.607179861	1.613057863	0.749288603	1.613057863	0.452004668	1.075546238	1.075546238
CDKN1B	0.212300048	0.100644058	0.212300048	-0.274032373	-0.274032373	-0.126539812	0.02741976	0.442747253	0.02741976	0.775664557	0.212098422	0.212098422
CDKN1C	0.901679945	-0.044120544	0.901679945	0.285287745	0.285287745	0.057331645	0.734647127	0.100373618	0.734647127	-0.025351467	0.151343535	0.151343535
CDKN2A	0.314439822	0.959652646	0.314439822	0.770693444	0.770693444	0.713152165	0.443631006	-0.166392531	0.443631006	0.134783734	1.099187323	1.099187323
CDKN2C	-0.60985671	-0.32126922	-0.60985671	0.021980502	0.021980502	0.369703389	-1.250890111	-0.029995224	-1.250890111	-0.466097468	-0.386083007	-0.386083007
CDKN3	0.496009048	-1.201337403	0.496009048	-0.351833585	-0.351833585	-0.23416709	-0.372890186	1.041638932	-0.372890186	-0.146149292	-0.067383799	-0.067383799
CEBPA	-0.836134199	-0.132665132	-0.836134199	-0.676790474	-0.676790474	-1.201495618	-1.062119049	-0.270072097	-1.062119049	-2.037889236	0.126668215	0.126668215
CEBPB	0.599396921	0.474647846	0.599396921	-1.146193001	-1.146193001	-0.095810078	-0.249295068	0.449087804	-0.249295068	-0.559913726	1.696152746	1.696152746
CES1	-0.041247167	-0.424205121	-0.041247167	0.32531188	0.32531188	-0.182777066	0.466254029	-0.557416789	0.466254029	-0.436710379	-0.364450276	-0.364450276
CETP	-0.185133829	0.682452722	-0.185133829	-0.393543326	-0.393543326	-0.016186827	-0.285165592	-0.490810107	-0.285165592	-1.034095569	-0.269319995	-0.269319995
CH25H	0.363157462	-0.2445087	0.363157462	-0.05277463	-0.05277463	-0.552820629	-0.838246804	-0.241777521	-0.838246804	-0.491858127	0.080303645	0.080303645
CHEK1	0.127378605	-0.061279378	0.127378605	-0.572932393	-0.572932393	0.179767987	0.478310627	0.511869456	0.478310627	0.727651433	0.263272194	0.263272194
CHEK2	0.212123204	-0.580894476	0.212123204	-0.431120793	-0.431120793	0.194975517	0.179198666	0.116031614	0.179198666	0.122527259	-0.357016333	-0.357016333
CKS1B	-0.392157647	-0.695516811	-0.392157647	0.158053618	0.158053618	-0.372188291	-0.171170795	0.515219103	-0.171170795	0.431919109	-0.204365092	-0.204365092
CLU	0.189404466	0.657259079	0.189404466	0.621761365	0.621761365	0.071355937	0.343797022	0.40098383	0.343797022	0.105157939	0.403127598	0.403127598
CNR2	0.54573385	0.844241947	0.54573385	0.072991264	0.072991264	0.820484441	0.829119581	-0.03277512	0.829119581	-0.351359074	0.99059313	0.99059313
CPT1A	0.220433437	-0.391408835	0.220433437	0.089379035	0.089379035	-0.066623471	0.417109195	0.916793036	0.417109195	0.748697238	-0.053038055	-0.053038055
CPT2	-0.314569665	0.003889176	-0.314569665	0.356540918	0.356540918	0.11832924	4.99E-04	-0.187409748	4.99E-04	0.46248962	0.010503529	0.010503529
CTNNB1	-0.700247206	-1.102414831	-0.700247206	-0.100011138	-0.100011138	0.615567543	-0.290280415	-0.222892436	-0.290280415	0.087086057	0.396122819	0.396122819
CYBA	-0.252306801	0.317694069	-0.252306801	0.612176271	0.612176271	-0.450429632	0.131820731	-1.176020549	0.131820731	-0.627771779	0.66714308	0.66714308
CYBB	-0.312633473	0.400448378	-0.312633473	-0.377335163	-0.377335163	-0.217546623	0.061755483	-0.261958401	0.061755483	-0.214033935	0.774897665	0.774897665
CYP24A1	0.516695265	0.059236163	0.516695265	0.38950555	0.38950555	0.328585684	0.396918988	0.200091875	0.396918988	-0.034097072	-0.01194262	-0.01194262
CYP26A1	-0.473269886	0.111268422	-0.473269886	-0.006225711	-0.006225711	-0.175015093	0.027818338	0.030069318	0.027818338	0.478680635	0.949580813	0.949580813
CYP27A1	0.242868607	0.374965722	0.242868607	0.176258919	0.176258919	0.365310044	0.938704031	0.144422602	0.938704031	-0.046516514	0.62993122	0.62993122
CYP27B1	-0.141375268	0.58647318	-0.141375268	-0.778685746	-0.778685746	-1.281595126	-0.584845439	-0.329458813	-0.584845439	-0.576720886	0.57191363	0.57191363
CYP2B6	0.087282005	-0.398674544	0.087282005	-0.284771296	-0.284771296	-0.119304434	-0.029903937	-0.647223155	-0.029903937	-0.519777178	-0.394814121	-0.394814121
CYP3A4	-0.430878435	-0.217059931	-0.430878435	0.210085749	0.210085749	0.784540513	-0.133878386	-0.005620207	-0.133878386	0.439570917	0.375429891	0.375429891
CYP46A1	-0.110490009	-0.908792835	-0.110490009	-0.546627026	-0.546627026	-0.456458813	-0.355818201	-0.030793382	-0.355818201	0.153317055	-0.784442361	-0.784442361
CYP4A11	-0.432629179	-1.37856528	-0.432629179	-0.212547307	-0.212547307	0.016584511	0.172897874	-0.246526406	0.172897874	-1.172557362	-0.364050116	-0.364050116
CYP4B1	-0.228844326	0.504009533	-0.228844326	0.217054718	0.217054718	-0.158879439	0.197654344	-0.016577671	0.197654344	-0.379964207	0.223629811	0.223629811
CYP51	0.92435766	0.273967791	0.92435766	-0.185958867	-0.185958867	0.850402693	-0.487863682	-0.378096747	-0.487863682	-0.5887538	-0.782931933	-0.782931933
CYP7A1	0.100750249	0.803586291	0.100750249	0.981087284	0.981087284	-0.074698969	-0.144443692	-0.555320705	-0.144443692	-0.12004859	0.874770463	0.874770463
CYP7B1	-0.312996105	-0.051540442	-0.312996105	0.48838987	0.48838987	0.238380062	0.177026469	-0.049082392	0.177026469	-0.029272175	0.462197652	0.462197652
CYP8B1	0.092740974	0.405667596	0.092740974	0.659501715	0.659501715	-0.116594824	1.382855691	-0.636016722	1.382855691	0.166548592	0.646153597	0.646153597
DAB1	0.019731209	-0.382307556	0.019731209	-0.527821814	-0.527821814	-0.901995678	-0.787744003	-0.454743337	-0.787744003	-0.795249668	0.684958156	0.684958156
DDIT3	-0.402945708	0.479487722	-0.402945708	-0.69682687	-0.69682687	0.187170049	0.059103789	-0.86512439	0.059103789	-0.922134168	0.347678545	0.347678545
DGAT1	0.010035154	-0.274642891	0.010035154	-0.521684098	-0.521684098	-0.100785648	0.068010649	0.120556777	0.068010649	-0.132099214	1.269106155	1.269106155
DGAT2	0.0488007	-0.976809323	0.0488007	0.006846513	0.006846513	-0.186356201	-0.272702665	0.587314345	-0.272702665	0.783240638	-0.692312253	-0.692312253
DHCR24	0.991237154	0.068451141	0.991237154	1.095567064	1.095567064	-0.136365571	-1.118457967	0.148295529	-1.118457967	-0.31252853	-1.33187061	-1.33187061
DHCR7	0.695158044	0.272451739	0.695158044	0.638159989	0.638159989	-0.257356861	-0.789371724	-0.365520987	-0.789371724	-0.743479363	-1.578431141	-1.578431141
EBP	0.455247339	0.095936925	0.455247339	1.467440233	1.467440233	-0.195984906	-0.515678835	0.127312333	-0.515678835	-0.326690847	-0.669567386	-0.669567386
ECHS1	0.257987063	0.369769553	0.257987063	0.854896777	0.854896777	-0.433317114	0.105790776	0.119802149	0.105790776	-0.101219409	0.079187045	0.079187045
EHHADH	-0.45378742	-0.077351541	-0.45378742	0.023683424	0.023683424	0.261830298	0.031001223	-0.394981199	0.031001223	-0.0903879	0.960911407	0.960911407
ERG25	1.23981947	0.562320948	1.23981947	-0.56267744	-0.56267744	0.097551155	-0.980493384	-0.085687655	-0.980493384	-0.482029319	-1.729481948	-1.729481948
FABP1	0.27213959	-0.166346596	0.27213959	0.080391931	0.080391931	-0.621146615	0.068759201	-0.317351091	0.068759201	-0.280368472	1.004819869	1.004819869
FABP2	-0.419598223	-0.065989086	-0.419598223	0.346843423	0.346843423	0.39123468	0.065038183	0.052077603	0.065038183	0.235694083	1.523260033	1.523260033
FABP3	-0.814739899	0.224064609	-0.814739899	-1.23450182	-1.23450182	-0.40130036	-0.693023539	-1.246591399	-0.693023539	-1.365848202	-0.287434848	-0.287434848
FABP4	-0.053830983	0.16376826	-0.053830983	-0.642401881	-0.642401881	0.185133317	-0.805602229	-0.26905374	-0.805602229	-0.138175357	0.720117613	0.720117613
FABP5	-0.387104263	-1.928087242	-0.387104263	-0.459362673	-0.459362673	-1.147587912	-0.92566795	0.459490751	-0.92566795	0.401470544	-0.965682819	-0.965682819
FABP6	0.036543224	0.370834695	0.036543224	0.517009511	0.517009511	-0.566741071	0.452506049	-0.01157778	0.452506049	-0.143480543	0.885883164	0.885883164
FABP7	-0.725421616	0.40173349	-0.725421616	-0.467447127	-0.467447127	-0.073918112	-0.522912515	-1.371958711	-0.522912515	-1.143866912	-0.055391911	-0.055391911
FACL1	0.529151745	-0.185810071	0.529151745	0.40857336	0.40857336	0.184101776	0.041497299	1.044046964	0.041497299	0.972901444	0.945372336	0.945372336
FACL3	-0.21399847	-0.479595722	-0.21399847	-0.144326632	-0.144326632	0.169469147	-0.371932458	0.244270438	-0.371932458	-0.02282616	0.068060791	0.068060791
FACL4	0.185421776	0.081856104	0.185421776	0.294623005	0.294623005	-0.162637697	0.470682763	0.326421158	0.470682763	0.276185877	1.509495602	1.509495602
FACL5	0.334150643	-0.916522822	0.334150643	-0.533993959	-0.533993959	-0.060522075	-0.033500916	1.078001036	-0.033500916	0.805163685	-0.347167592	-0.347167592
FACL6	0.873573447	-0.313696292	0.873573447	0.741684528	0.741684528	-0.325548952	-0.305240293	-0.238892004	-0.305240293	-0.210395443	-0.114764293	-0.114764293
FACTOR D	-0.500570098	0.350448267	-0.500570098	-0.562559083	-0.562559083	-0.401172327	-0.575626578	-1.374154362	-0.575626578	-1.196558087	-0.342411151	-0.342411151
FASN	0.68344651	-0.158080587	0.68344651	1.553464095	1.553464095	-0.128541529	-0.11255697	0.139066405	-0.11255697	-0.069379622	0.890042321	0.890042321
FDFT1	0.688660488	0.089851766	0.688660488	0.025338024	0.025338024	0.233211311	-1.326145189	0.058825589	-1.326145189	-0.757691558	-1.872533768	-1.872533768
FDPS	0.017485792	0.034039225	0.017485792	-0.096181967	-0.096181967	0.356137341	0.46353679	0.867008526	0.46353679	0.136178237	0.264487032	0.264487032
FOXA1	-0.319835019	0.098111822	-0.319835019	-0.788340124	-0.788340124	-0.808307457	0.106548239	0.065326683	0.106548239	-0.416960987	0.17318786	0.17318786
FOXO3A	0.162354774	-0.289910722	0.162354774	-0.369009644	-0.369009644	-0.036288423	-0.119498566	0.527080678	-0.119498566	0.228343664	-0.20137351	-0.20137351
GADD45A	-0.129663345	-0.382303021	-0.129663345	-0.043794329	-0.043794329	-0.431807541	-0.232082623	-0.173617227	-0.232082623	-0.798272335	-0.483901333	-0.483901333
GADD45B	0.085922725	-0.087110298	0.085922725	0.475049888	0.475049888	0.076812694	0.13819697	0.468388007	0.13819697	0.48862074	0.429703304	0.429703304
GADD45G	0.006043992	0.073566141	0.006043992	0.201647073	0.201647073	-0.054324112	0.170843699	-0.30946879	0.170843699	-0.213524722	0.723068358	0.723068358
GAPD	0.108465953	-0.79400681	0.108465953	0.867367408	0.867367408	-1.096581382	-0.44210239	0.469226986	-0.44210239	0.191349269	-0.45471229	-0.45471229
GGPS1	0.563427721	0.061751439	0.563427721	-0.372576091	-0.372576091	0.316611614	0.203846562	1.016710507	0.203846562	0.147715144	-0.158936348	-0.158936348
GHRELIN	0.710740904	1.047938457	0.710740904	1.324638892	1.324638892	1.150695204	1.48676834	0.300281135	1.48676834	0.004131449	0.742035452	0.742035452
H1F0	-0.526970964	-0.488073556	-0.526970964	-0.223651976	-0.223651976	-0.982380253	0.07199646	-0.705061596	0.07199646	-0.461898708	0.785775324	0.785775324
HADHA	0.074536446	-0.760319566	0.074536446	-0.634229647	-0.634229647	-0.301912528	-0.326785603	0.538971797	-0.326785603	0.78403973	-0.767209045	-0.767209045
HADHB	0.182654361	-0.655157332	0.182654361	-0.771312298	-0.771312298	-0.59441686	-0.208243654	-0.136535835	-0.208243654	0.271768781	-0.416072507	-0.416072507
HMGCR	0.558403656	0.383695788	0.558403656	-0.940953668	-0.940953668	-0.281377224	-0.787684731	-0.976335843	-0.787684731	-1.131100426	-0.702230027	-0.702230027
HMGCS1	0.025513893	0.62129	0.025513893	0.415767064	0.415767064	0.102322163	1.085347141	0.449783949	1.085347141	0.595135555	0.706135111	0.706135111
HMGCS2	0.152851564	-0.52347686	0.152851564	-0.228950561	-0.228950561	0.063828401	-1.068343532	-0.417120321	-1.068343532	0.727397211	-0.717767528	-0.717767528
HNF4A	-0.508613108	-1.06786609	-0.508613108	0.061176006	0.061176006	-0.56206454	-0.222554449	-0.240760451	-0.222554449	-0.28494162	0.688100601	0.688100601
HNF4G	-0.342959656	0.534092965	-0.342959656	0.285599024	0.285599024	-0.150077405	0.472814838	-0.121020071	0.472814838	-0.499013022	0.101131324	0.101131324
HSD17B4	1.455533993	0.556501441	1.455533993	0.552454304	0.552454304	0.805065532	1.109974796	0.553074577	1.109974796	1.363033557	0.209296416	0.209296416
IDI1	0.164081121	-0.180290009	0.164081121	-0.756780076	-0.756780076	0.598203119	-0.840686207	0.266202388	-0.840686207	-0.446754907	-1.407632849	-1.407632849
IDI2	-0.186688989	-0.099302169	-0.186688989	0.120689749	0.120689749	0.461779717	-0.201290032	0.224604838	-0.201290032	0.129920318	0.222842843	0.222842843
IL12A	-0.504130149	-1.065132551	-0.504130149	0.162332921	0.162332921	0.588439398	-0.581113307	-0.169563252	-0.581113307	-0.898217395	-0.366649287	-0.366649287
IL12B	-0.477676392	-0.509884984	-0.477676392	-0.227589252	-0.227589252	-0.634219416	-0.739941696	-0.103748366	-0.739941696	-0.207136308	1.315174443	1.315174443
IL18	0.44148704	0.469047242	0.44148704	0.203764347	0.203764347	0.581244122	0.533814543	0.379118986	0.533814543	0.234828195	0.519338609	0.519338609
IL1B	0.366713152	2.62995885	0.366713152	1.509611066	1.509611066	1.412435189	1.532389628	0.090700211	1.532389628	0.657913396	0.111718514	0.111718514
IL6	0.185525938	-0.574246898	0.185525938	0.206666366	0.206666366	0.601896326	0.919123633	-0.196298621	0.919123633	-0.029691401	0.461637601	0.461637601
INSIG1	0.996472462	0.46628577	0.996472462	-0.126865656	-0.126865656	-0.144104793	-1.902299605	0.074221814	-1.902299605	-0.768247456	-2.106155385	-2.106155385
INSIG2	1.197189926	0.117542443	1.197189926	-0.112288539	-0.112288539	0.016400917	0.12016564	0.362544946	0.12016564	0.216771948	-0.62910439	-0.62910439
INSR	0.109315011	-0.268975112	0.109315011	0.111155672	0.111155672	0.012673857	-0.239160602	0.591590667	-0.239160602	0.748466037	0.167980857	0.167980857
ITGAX	1.271775866	1.138583503	1.271775866	1.274599638	1.274599638	0.606195568	1.085867579	1.14772549	1.085867579	0.165968494	0.224655387	0.224655387
ITGB1	-0.210065909	-0.341986871	-0.210065909	-0.141846611	-0.141846611	0.104204272	0.101684077	-0.101510998	0.101684077	0.019013641	-0.637626372	-0.637626372
JUP	1.042617019	0.621906665	1.042617019	1.536963418	1.536963418	0.660943741	1.191462719	0.580896467	1.191462719	0.820144954	0.649575497	0.649575497
LBR	0.013195815	-0.371436574	0.013195815	0.58415327	0.58415327	-0.465073184	0.303990933	0.169230222	0.303990933	-0.027874011	0.942489174	0.942489174
LCAT	0.638054952	0.063331783	0.638054952	0.438401282	0.438401282	-0.177902855	0.663157931	0.803684417	0.663157931	0.269359854	-0.030472994	-0.030472994
LDLR	0.875128824	-0.473615888	0.875128824	-0.074285026	-0.074285026	-0.365810005	0.080955016	1.076968161	0.080955016	0.200764039	-0.183726572	-0.183726572
LDLr	0.238535521	0.163809851	0.238535521	-0.235386487	-0.235386487	-0.581476009	-0.638614595	-0.043834242	-0.638614595	-0.055974094	-0.382607111	-0.382607111
LEPTIN	-0.08935253	-0.563043748	-0.08935253	0.153758673	0.153758673	-0.282633258	0.037734039	0.023650346	0.037734039	-1.137005544	-0.704746227	-0.704746227
LIPC	0.132002305	-0.081732589	0.132002305	-0.513293946	-0.513293946	-0.341053717	-0.162325106	-0.136415945	-0.162325106	-0.086514869	0.504501002	0.504501002
LIPE	-0.035362007	-0.574224519	-0.035362007	-0.31519324	-0.31519324	0.3117261	-0.556511203	0.072107535	-0.556511203	-0.267002754	-0.319226615	-0.319226615
LIPIN 1	0.358815827	-0.004148176	0.358815827	-0.536361373	-0.536361373	0.725710233	0.255822734	0.656687256	0.255822734	0.344436598	-0.056468733	-0.056468733
LIPIN 2	-0.011039535	0.390300655	-0.011039535	0.588824028	0.588824028	0.076484084	-0.436546251	0.755891418	-0.436546251	0.984476057	-0.160889686	-0.160889686
LMNA	0.303960885	0.084300461	0.303960885	1.347762057	1.347762057	0.536915836	0.585937514	0.383571719	0.585937514	1.131680072	0.48353046	0.48353046
LMNB1	0.048723793	0.106639115	0.048723793	-0.32837756	-0.32837756	-0.457125023	-0.275088109	-0.491114405	-0.275088109	0.116722233	0.113969222	0.113969222
LMNB2	0.393290472	0.017140962	0.393290472	0.02870949	0.02870949	-0.065612545	0.304790561	0.602725958	0.304790561	0.51926218	0.046527029	0.046527029
LPL	0.048947115	-1.61673611	0.048947115	-1.02714518	-1.02714518	-0.967256181	-1.042857286	-0.241831689	-1.042857286	0.263009428	-0.978875954	-0.978875954
LRPAP1	-0.034301799	0.459738134	-0.034301799	-0.886690748	-0.886690748	0.126387833	0.573060903	0.498746949	0.573060903	0.247082774	0.125147434	0.125147434
LSS	0.58909209	0.36441855	0.58909209	1.370497753	1.370497753	0.654860219	0.15437161	0.380791043	0.15437161	0.275226343	0.31595789	0.31595789
MAP3K4	-0.502970107	-0.624094771	-0.502970107	-0.053934425	-0.053934425	-0.175156659	-0.25349	-0.211338109	-0.25349	-0.096937254	-0.806455789	-0.806455789
MAPK11	0.181924598	-0.046415485	0.181924598	-0.453058655	-0.453058655	-0.067060818	0.02532751	-0.150911039	0.02532751	-0.723593815	1.031995604	1.031995604
MAPK14	-0.492087284	-0.416490237	-0.492087284	0.2847227	0.2847227	-0.261910274	0.090917044	-0.257315032	0.090917044	0.502848561	0.213999945	0.213999945
MAPK8	0.388927664	0.069830329	0.388927664	-0.480094951	-0.480094951	0.219480523	0.241573754	0.6604425	0.241573754	0.444396534	-0.015926725	-0.015926725
MBTPS2	-1.33007899	-0.535916832	-1.33007899	0.480468164	0.480468164	-0.381086806	-0.382294628	-0.516010523	-0.382294628	-0.462618546	0.135707788	0.135707788
MEMBTPS1	0.641893673	-0.310316834	0.641893673	0.083697957	0.083697957	0.202980839	-0.041789721	-0.044283523	-0.041789721	0.577348851	-0.185681573	-0.185681573
MSR1	0.025765798	0.103355929	0.025765798	-0.338588408	-0.338588408	-0.565845464	-0.950892723	-1.114626541	-0.950892723	0.174507994	0.051974172	0.051974172
MTP	-0.107236911	-0.290939715	-0.107236911	-0.030098974	-0.030098974	-0.449317725	-0.074170091	-0.519325854	-0.074170091	-0.6090217	-0.109161091	-0.109161091
MVD	0.490173565	0.834148186	0.490173565	0.767584075	0.767584075	0.342224179	-0.19979895	-0.587500306	-0.19979895	-0.802833998	-0.425419705	-0.425419705
MVK	0.254361081	0.058066393	0.254361081	-0.545313821	-0.545313821	0.160807071	-0.231900934	0.437330995	-0.231900934	-0.458254002	-0.575776971	-0.575776971
NCF1	-0.003283676	1.445356403	-0.003283676	1.668631769	1.668631769	1.184936746	1.041574949	-0.570411045	1.041574949	-0.119350206	2.013591139	2.013591139
NPC1L1	-0.062413292	-0.224866576	-0.062413292	0.233924438	0.233924438	0.028875739	0.368473226	-0.082028572	0.368473226	-0.128869193	0.384902142	0.384902142
NPC2	0.496611398	0.790977881	0.496611398	1.593807123	1.593807123	0.722098156	1.155346234	0.447927933	1.155346234	0.219225793	1.241464282	1.241464282
NPY	0.355956368	-0.049675166	0.355956368	0.426567251	0.426567251	-0.303780685	0.505140767	0.369375525	0.505140767	1.052876623	0.969920475	0.969920475
NR0B2	-0.362624992	0.279898357	-0.362624992	-0.22062111	-0.22062111	-0.2509432	-0.166584785	-0.89566249	-0.166584785	-1.130094567	-0.25632153	-0.25632153
NR1H2	0.761993859	0.202306037	0.761993859	0.885055205	0.885055205	0.465049796	0.252953042	1.067356932	0.252953042	0.655785166	0.467044165	0.467044165
NR1H3	0.409333685	0.573567622	0.409333685	0.368799892	0.368799892	0.089356192	0.310463109	-0.482281246	0.310463109	-0.925323767	-0.091163866	-0.091163866
NR1H4	-0.18275525	0.024557219	-0.18275525	0.178761996	0.178761996	-0.376722447	-0.318349142	-0.083230261	-0.318349142	-0.206112329	-0.309339063	-0.309339063
NR1I2	-0.620497428	0.069725849	-0.620497428	-0.365365329	-0.365365329	-0.453066891	-0.41537553	-0.142395457	-0.41537553	-0.278131234	0.4197281	0.4197281
NR1I3	-0.436263973	-0.475624431	-0.436263973	-0.063324861	-0.063324861	-0.516767476	-0.129569014	-0.692051086	-0.129569014	-0.762799303	0.046972134	0.046972134
NR4A3	0.206055922	0.171763153	0.206055922	-0.612720784	-0.612720784	-0.501249829	-0.601596381	-0.316894532	-0.601596381	-0.357153465	0.188145458	0.188145458
NR5A1	-2.64E-04	-0.420775183	-2.64E-04	-0.268937258	-0.268937258	-0.133993727	-0.351482549	-0.123807227	-0.351482549	0.040968874	0.10926429	0.10926429
NR5A2	-0.302572813	-1.16122032	-0.302572813	0.106922122	0.106922122	-0.784357619	-0.567836334	0.726336257	-0.567836334	-0.113353536	0.807908497	0.807908497
OSBP	-0.359629175	0.031365339	-0.359629175	-0.169104688	-0.169104688	0.477322537	-0.319220624	-0.931420106	-0.319220624	0.116047991	-0.510853958	-0.510853958
OSBP2	0.458536431	-0.244152681	0.458536431	0.34110818	0.34110818	0.046229598	-0.014372282	0.310738903	-0.014372282	-0.292981888	0.309621786	0.309621786
OSBPL10	0.108357218	0.413090997	0.108357218	-0.688062158	-0.688062158	0.301680718	-0.092699125	0.020878006	-0.092699125	0.044376403	-0.230357033	-0.230357033
OSBPL1A	0.11473994	-0.170574244	0.11473994	-0.523428992	-0.523428992	-0.170060695	0.03889478	-0.039507249	0.03889478	-0.033934511	0.510539469	0.510539469
OSBPL3	0.593763417	0.435922266	0.593763417	-0.502352968	-0.502352968	-1.261882883	-0.20650303	-0.269899304	-0.20650303	-0.300397899	-0.287234931	-0.287234931
OSBPL5	0.438423201	1.025518962	0.438423201	0.797949628	0.797949628	0.349003752	0.804606348	0.145314685	0.804606348	0.301070472	0.591310137	0.591310137
PAFAH	-0.175272534	0.627501785	-0.175272534	0.280691633	0.280691633	-0.243350129	0.069844798	-0.139356266	0.069844798	0.098111387	0.534513891	0.534513891
PCK1	-0.086601816	-0.336860346	-0.086601816	0.602946733	0.602946733	-0.290472533	0.006802369	-0.271956984	0.006802369	0.114723221	-0.127293346	-0.127293346
PCNA	0.310071019	-1.079985054	0.310071019	-0.490977181	-0.490977181	-0.369029208	-0.231415855	0.957066481	-0.231415855	0.793789099	-0.702641421	-0.702641421
PCSK9	0.282694183	-0.47622273	0.282694183	-0.453684022	-0.453684022	-0.554014728	-0.423589083	-0.495842863	-0.423589083	-0.761066229	0.136208987	0.136208987
PCTP	0.517320905	0.069835657	0.517320905	0.811035392	0.811035392	0.226913374	0.491409643	0.004068266	0.491409643	0.002428494	0.798769011	0.798769011
PKMYT1	-0.100158676	-0.085607172	-0.100158676	0.700820781	0.700820781	-0.614175803	0.069026462	-0.080022527	0.069026462	-0.173678073	0.041033433	0.041033433
PLIN	-0.585854695	0.338762283	-0.585854695	-0.061868232	-0.061868232	0.1985842	-0.399754466	0.143653191	-0.399754466	0.011056669	1.07339893	1.07339893
PLK	-0.066699629	-1.208142204	-0.066699629	0.530992045	0.530992045	-0.760104902	-0.103243411	0.438058187	-0.103243411	0.519128441	-0.258003296	-0.258003296
PLTP	-0.24974179	-0.036127349	-0.24974179	0.736256042	0.736256042	-0.073367948	0.297807065	0.175671721	0.297807065	0.008608737	0.236349608	0.236349608
PMVK	0.176420993	-0.204772012	0.176420993	0.115991988	0.115991988	-0.588376188	0.005680971	-0.503083659	0.005680971	-0.603771719	0.016640949	0.016640949
PON1	-0.511628894	0.546933006	-0.511628894	-0.517669675	-0.517669675	0.59678873	0.468616643	0.195057621	0.468616643	0.045073363	0.864372195	0.864372195
PPARA	0.057890611	0.428783433	0.057890611	0.050464575	0.050464575	0.699583079	0.187004992	0.336908573	0.187004992	0.298244178	-0.013847168	-0.013847168
PPARBP	-0.279132215	0.054015057	-0.279132215	0.13167206	0.13167206	-0.167863001	0.385340424	0.100771987	0.385340424	0.175192443	0.085672047	0.085672047
PPARD	0.682269242	0.546426469	0.682269242	0.664007957	0.664007957	0.778837301	0.509498154	0.795320566	0.509498154	0.565489436	0.225570755	0.225570755
PPARG	-0.59877608	0.157502525	-0.59877608	0.749685742	0.749685742	0.579249633	-0.367963711	-0.190217672	-0.367963711	0.22566256	0.112273751	0.112273751
PPARGC1	-0.035433143	-0.166162044	-0.035433143	0.452994905	0.452994905	-0.249332076	-0.132708459	0.076094669	-0.132708459	0.75879333	-0.354556072	-0.354556072
PRKAA1	0.036972947	0.877051077	0.036972947	0.509841509	0.509841509	0.053634277	-0.15118901	0.131753809	-0.15118901	0.26571595	-0.100368477	-0.100368477
PRKAA2	-0.119445074	0.496737643	-0.119445074	-0.327157404	-0.327157404	0.675571837	0.002413843	-0.439438078	0.002413843	0.851569508	0.821779942	0.821779942
PRKAB1	-0.054044491	-0.015121217	-0.054044491	0.409844654	0.409844654	0.346833962	-0.226508996	0.296762516	-0.226508996	0.385705676	0.54711097	0.54711097
PRKAB2	-0.195487129	-0.400158425	-0.195487129	-0.635914109	-0.635914109	-0.138673206	-0.385749429	-0.412548585	-0.385749429	-0.135972426	-0.24558595	-0.24558595
PRKAG1	-0.765868571	-0.039910666	-0.765868571	-0.672835362	-0.672835362	1.07433666	0.191142633	-0.028567292	0.191142633	0.219490835	0.351942704	0.351942704
PRKAG2	0.385694474	-0.058794322	0.385694474	0.17534905	0.17534905	0.734860662	0.223912397	1.112682663	0.223912397	0.758190557	-0.374083024	-0.374083024
PRKAG3	0.074488505	-0.069996963	0.074488505	-0.513615509	-0.513615509	-0.312756461	-0.534178052	0.094506313	-0.534178052	0.031898318	-0.337977118	-0.337977118
PRKCA	-0.321267731	-0.059312155	-0.321267731	0.295059262	0.295059262	-0.248453597	-0.264863279	-0.571265013	-0.264863279	0.258607537	-0.394479944	-0.394479944
PRKCE	-0.419590947	-0.06127563	-0.419590947	-0.188466502	-0.188466502	-0.260418091	-0.076946096	-0.761229176	-0.076946096	0.333811673	1.48821661	1.48821661
PRKCQ	-0.060905228	-0.673865187	-0.060905228	-0.41676124	-0.41676124	0.569860729	-0.156212981	-0.731938515	-0.156212981	-0.173368388	0.828670917	0.828670917
PRKCZ	-0.056560316	-0.241363774	-0.056560316	-0.335719908	-0.335719908	0.217392419	-0.284603344	-0.340864541	-0.284603344	-0.180627759	0.557557288	0.557557288
PTEN	-0.133557813	-1.010422646	-0.133557813	0.008818187	0.008818187	0.10932414	0.762657912	0.552322159	0.762657912	0.058396685	-0.406436653	-0.406436653
RARA	0.452605235	0.187323088	0.452605235	1.927871576	1.927871576	0.61455218	1.351086625	0.144344238	1.351086625	0.52754718	0.829881601	0.829881601
RARB	-0.108997346	0.008572463	-0.108997346	0.133879653	0.133879653	0.55200905	-0.094936201	-0.28203017	-0.094936201	-0.192535302	0.969405586	0.969405586
RARG	0.114145082	0.433846086	0.114145082	0.040224984	0.040224984	0.48192927	-0.075604364	-0.250330683	-0.075604364	-0.541111646	0.190484865	0.190484865
RB1	0.148685369	-0.864932195	0.148685369	0.05927009	0.05927009	-0.770606584	-0.84041248	0.34712034	-0.84041248	-0.273385475	0.345737024	0.345737024
REELIN	0.034495599	0.729694528	0.034495599	-2.429612819	-2.429612819	-0.495587159	-0.086737069	-0.009524873	-0.086737069	0.072792755	-0.200001694	-0.200001694
RESISTIN	0.796294937	0.081003517	0.796294937	1.013037466	1.013037466	-0.061127705	0.777393509	0.228104103	0.777393509	0.253742863	0.595468432	0.595468432
RORA	-0.051142104	0.295164072	-0.051142104	0.491792823	0.491792823	0.235014523	0.796098945	0.17523349	0.796098945	0.191577511	-0.002440504	-0.002440504
RPLP0	0.097851573	1.056840571	0.097851573	-0.532056127	-0.532056127	-0.078920387	-0.912111232	-0.047996877	-0.912111232	-0.211284432	0.067917976	0.067917976
RXRA	0.990604206	0.081522512	0.990604206	0.405500418	0.405500418	-0.928159763	0.115095313	0.711537431	0.115095313	1.630182567	-0.432437177	-0.432437177
RXRB	-0.015254437	0.191931984	-0.015254437	0.197403413	0.197403413	-0.226125918	0.628769704	0.153043228	0.628769704	0.326346124	0.308476936	0.308476936
SARA2	-0.248727155	-0.760570388	-0.248727155	0.273918965	0.273918965	0.104776268	0.437671105	0.288196146	0.437671105	0.104497912	-0.146900997	-0.146900997
SC5DL	0.938975178	0.555866862	0.938975178	-0.400867511	-0.400867511	0.703019089	-1.216752314	0.188311721	-1.216752314	-0.176082099	-1.389006363	-1.389006363
SCAP	0.322371169	-0.364310254	0.322371169	0.588895324	0.588895324	-0.590625933	-0.258215838	0.220576842	-0.258215838	0.321403638	-0.102891535	-0.102891535
SCARB1	0.266527574	-1.14642562	0.266527574	0.861629551	0.861629551	-0.623995286	-0.168401425	0.050527188	-0.168401425	0.716999583	-0.237586874	-0.237586874
SCARB2	0.906434158	0.619899726	0.906434158	-0.061137193	-0.061137193	0.166269176	0.919398612	0.454633133	0.919398612	0.381937892	0.192053763	0.192053763
SCD	0.831404033	-0.687965333	0.831404033	0.419008169	0.419008169	-0.240453237	-1.141596537	0.532836084	-1.141596537	-0.079835498	-1.753298224	-1.753298224
SCD4	0.216428172	0.083523352	0.216428172	0.058940696	0.058940696	-0.389984812	0.105306871	-0.520745751	0.105306871	-0.010187963	0.484240039	0.484240039
SCP2	0.322181143	-0.359444745	0.322181143	0.02293125	0.02293125	0.213016613	0.006015097	0.534949006	0.006015097	0.40099824	-0.127813629	-0.127813629
SEC14L2	0.125855003	-0.452457846	0.125855003	-0.73422061	-0.73422061	0.001338227	-0.355104656	-0.825256732	-0.355104656	-0.764439034	-0.216517139	-0.216517139
SKP1A	0.195466911	-0.941800746	0.195466911	-0.454763984	-0.454763984	-0.190741769	-0.077926354	0.670975489	-0.077926354	0.410251869	-0.218737349	-0.218737349
SKP2	-0.145525154	-1.674237013	-0.145525154	-0.699355264	-0.699355264	-0.757747603	-0.691160547	0.252595358	-0.691160547	0.537693971	-1.095973284	-1.095973284
SLC10A2	-0.221797352	-0.55215212	-0.221797352	-0.074393191	-0.074393191	-0.291248733	-0.331707091	-0.418570696	-0.331707091	0.036149308	-0.08250826	-0.08250826
SLC22A5	-0.189523637	-0.004877184	-0.189523637	-0.247910324	-0.247910324	0.056303244	-0.432804148	0.001021998	-0.432804148	-0.115370001	0.448887667	0.448887667
SLC25A20	0.194072821	0.016347341	0.194072821	-0.076907016	-0.076907016	0.519638253	0.432213528	0.373679604	0.432213528	0.521889447	0.081487075	0.081487075
SLC27A2	-0.510673317	-1.142742458	-0.510673317	-1.013726412	-1.013726412	-0.131223141	-0.159312853	-0.640678269	-0.159312853	-1.020317858	-0.266492252	-0.266492252
SLC27A3	0.428413388	0.468953329	0.428413388	0.336262527	0.336262527	0.215337065	0.232340964	0.586744517	0.232340964	0.742371065	0.247713367	0.247713367
SLC27A4	1.128358625	-0.161908698	1.128358625	0.296300661	0.296300661	-0.291099642	0.1023739	0.796686457	0.1023739	0.169768053	-0.196396845	-0.196396845
SLC27A5	0.048444078	-0.730985432	0.048444078	-0.09728908	-0.09728908	-0.253666346	0.481240653	-0.685398883	0.481240653	0.032168772	0.221927938	0.221927938
SLC2A1	0.978502055	-0.045718113	0.978502055	-1.050890305	-1.050890305	0.479257856	-1.853345198	0.026301817	-1.853345198	-0.702062258	-2.018690608	-2.018690608
SLC2A2	0.451851603	0.592030466	0.451851603	0.940811393	0.940811393	0.715997674	0.713869621	0.235875099	0.713869621	0.726775088	0.918679875	0.918679875
SMPD1	0.102795052	0.207495166	0.102795052	-0.398024365	-0.398024365	-0.10269017	-0.208790364	0.144521037	-0.208790364	-0.59691068	-0.035404552	-0.035404552
SOAT1	-0.036917261	-0.38445217	-0.036917261	-0.593462288	-0.593462288	0.333656557	-0.325995731	-0.297722611	-0.325995731	0.122177794	-0.486977679	-0.486977679
SOAT2	-0.343444541	0.383565613	-0.343444541	0.428700057	0.428700057	0.765479768	-0.263753282	-0.233457165	-0.263753282	0.039963426	0.940078336	0.940078336
SPTLC1	-0.219932369	-0.416943861	-0.219932369	-0.500165455	-0.500165455	0.244676753	0.226104787	-0.131986085	0.226104787	0.243879908	0.777440761	0.777440761
SQLE	1.225917684	0.765444442	1.225917684	-0.124806661	-0.124806661	0.818638181	-0.594666905	0.378834074	-0.594666905	-0.661816932	-0.757196657	-0.757196657
SR-1	0.810151552	0.487177383	0.810151552	1.022338963	1.022338963	0.184437098	0.384914402	0.110199174	0.384914402	0.456430809	-0.228961537	-0.228961537
SREBF1	0.711959492	-0.473378268	0.711959492	0.544606674	0.544606674	-0.150117736	0.443907605	0.263087814	0.443907605	0.240917285	-0.136964385	-0.136964385
SREBF2	0.361724742	0.565405014	0.361724742	0.801902166	0.801902166	0.44170819	0.04472051	1.111127518	0.04472051	0.033230415	-0.431646577	-0.431646577
STAR	0.137503331	-1.186125045	0.137503331	-0.243778372	-0.243778372	-0.655221459	-0.541649894	0.32374069	-0.541649894	0.302385417	-0.902997988	-0.902997988
STARD3	0.498027999	0.236837794	0.498027999	0.632165393	0.632165393	-0.410126816	0.426599387	0.830861314	0.426599387	0.645971335	0.542848656	0.542848656
STARD4	0.464600822	-0.039569251	0.464600822	-0.379973878	-0.379973878	0.48002118	-0.514078327	0.026225717	-0.514078327	0.134817732	0.051336695	0.051336695
TAP1	-0.05777465	0.048553677	-0.05777465	-0.138395955	-0.138395955	-0.054081274	-0.112051692	-0.542133664	-0.112051692	0.023460618	-0.133231771	-0.133231771
TAP2	-0.094431074	-0.435371727	-0.094431074	0.349389786	0.349389786	-0.336946185	0.274543109	0.653201847	0.274543109	-0.161297279	0.528228512	0.528228512
TCF1	-0.276937335	0.416417331	-0.276937335	0.503224297	0.503224297	-0.216789914	-0.128705137	0.163035738	-0.128705137	0.228545478	0.007736183	0.007736183
TGFB1	-0.366993567	0.232235368	-0.366993567	0.096970781	0.096970781	0.150090067	0.426053491	0.139102039	0.426053491	-0.15663797	0.358302682	0.358302682
TGFB2	-0.449759372	-0.176615266	-0.449759372	0.11174457	0.11174457	-0.532044312	-0.598690257	-0.900389143	-0.598690257	0.363006914	0.099796358	0.099796358
TGFB3	-0.301894601	0.023189957	-0.301894601	-0.695611872	-0.695611872	-0.254995381	-0.141941795	-0.958158182	-0.141941795	-1.290851759	-0.02462738	-0.02462738
TNF	-0.347166098	0.350094023	-0.347166098	-0.105550504	-0.105550504	0.278790116	0.412930983	-0.82662937	0.412930983	-0.716753497	0.071329843	0.071329843
TP53	0.185466683	0.223338394	0.185466683	0.175728069	0.175728069	0.112779821	0.667195874	-0.085641247	0.667195874	0.391321745	0.176978425	0.176978425
TRIT1	0.138439488	-0.79526462	0.138439488	-0.544404843	-0.544404843	-0.308224244	-0.304112462	0.516104214	-0.304112462	0.515642414	-0.661661776	-0.661661776
TXNIP	-0.288250705	0.556919706	-0.288250705	-0.007014587	-0.007014587	0.29707311	-0.563739227	-0.065505078	-0.563739227	0.331814049	-0.045285292	-0.045285292
UCP2	0.324823272	0.409836789	0.324823272	0.048880179	0.048880179	0.001809448	0.36844493	0.535236659	0.36844493	-0.016558003	0.162056197	0.162056197
UCP3	-0.386713333	-0.175672244	-0.386713333	0.13945395	0.13945395	0.522078473	-0.020687555	-0.833028421	-0.020687555	-0.190047023	0.429695882	0.429695882
USF1	1.110469151	-0.070505092	1.110469151	-0.146461563	-0.146461563	-0.048035619	0.386923455	0.916548606	0.386923455	0.170445406	0.329099701	0.329099701
USF2	0.250425803	0.385607018	0.250425803	0.578487002	0.578487002	0.278661644	0.814923661	0.154221077	0.814923661	0.368174915	0.643297951	0.643297951
VDR	-0.280100475	0.132198076	-0.280100475	2.000763611	2.000763611	-0.123881946	0.008429727	0.194222831	0.008429727	0.111574284	0.430006161	0.430006161
V-FOS	-0.51218807	-0.71601408	-0.51218807	-0.595754727	-0.595754727	0.023023783	-0.0038005	-0.236101749	-0.0038005	-0.893980875	-0.617381577	-0.617381577
V-JUN	1.196307251	2.186350523	1.196307251	1.162312372	1.162312372	1.452396923	1.208081671	0.698974566	1.208081671	1.544024207	0.646538707	0.646538707
VLCAD	0.592630857	-0.583723797	0.592630857	0.19296251	0.19296251	0.045219783	-0.041705067	0.931328792	-0.041705067	0.434453728	-0.081741272	-0.081741272
VLDLR	-0.262869039	-0.298635495	-0.262869039	-1.054552579	-1.054552579	0.041459633	-0.215022488	-0.004046368	-0.215022488	-0.217059043	-0.375597109	-0.375597109
WEE1	0.568458455	-0.099353854	0.568458455	0.491688267	0.491688267	0.274551177	0.154242789	0.439595764	0.154242789	0.013638303	-0.193380728	-0.193380728
ZNF9	0.196401771	-0.57265156	0.196401771	-0.369692728	-0.369692728	0.248561053	0.092843067	1.24947705	0.092843067	1.329458475	-0.133791773	-0.133791773
